-4.0 0.0031257555304481286 0.17940519943848895 1.2457186174251809E-11 0.9232924595577284 0.8928678060086475 0.991318705208936 0.030957658200271194 0.979781524537182 0.9988890853674012 0.18154396751773066 0.9871249120615264 0.9486746972296712 
-3.9 0.0035775355706658346 0.18932990311125786 1.7421606453161376E-11 0.9151236390886685 0.8533777931985655 0.9908816992670727 0.033994752362837555 0.9784554386489142 0.9987352397446853 0.1911870097089598 0.9856911182763619 0.9459710083779871 
-3.8 0.004094345298989502 0.1996700486722423 2.4364440505478903E-11 0.9061732991192508 0.8025503813946367 0.9904229074967907 0.03731832562926587 0.9770444154322733 0.9985601194377987 0.20121633419938245 0.9841002263719935 0.9431334332661218 
-3.6999999999999997 0.004685462143487479 0.21042832887674126 3.407412300004386E-11 0.8963859962265183 0.7394822463044768 0.9899412657296465 0.040953060055090446 0.9755432895982117 0.9983607915482577 0.21163411421608216 0.9823356255307619 0.9401562579209661 
-3.5999999999999996 0.005361461429364023 0.22160576474829055 4.7653294478752583E-11 0.885706523309509 0.6646860013191793 0.9894356600724799 0.04492528993583429 0.9739466187657705 0.998133921542111 0.22244106362848845 0.9803790890566447 0.9370336225074539 
-3.4999999999999996 0.006134390017216184 0.2332015627816423 6.664401823822412E-11 0.8740809436733588 0.5805947648292896 0.9889049248173404 0.0492630142653582 0.9722486736406961 0.9978757190453503 0.23363631899798806 0.9782106501061271 0.9337595286947474 
-3.3999999999999995 0.0070179607032178305 0.2452129799108792 9.320289846661997E-11 0.8614578154009596 0.49154668536755247 0.9883478402881934 0.05399588537431709 0.9704434285819034 0.9975818765598631 0.24521732810384922 0.9758084758674906 0.9303278485737632 
-3.2999999999999994 0.008027769077954251 0.25763519933647333 1.3034598621342986E-10 0.8477896055265238 0.4030317959883803 0.9877631306252832 0.05915516825656251 0.9685245526941519 0.9972475002457633 0.25717974734377896 0.9731487424920028 0.9267323352558852 
-3.1999999999999993 0.009181534407794375 0.27046122043950066 1.8229128494094167E-10 0.833034283026823 0.32041172883305935 0.9871494615084505 0.06477366446740172 0.9664854016040225 0.9968670318343428 0.2695173505037627 0.9702055137612956 0.9229666352844158 
-3.099999999999999 0.010499365847174938 0.2836817660694172 2.549377509048897E-10 0.8171570665152764 0.24770086085329485 0.9865054378211642 0.07088559390563628 0.9643190100964751 0.9964341606534868 0.2822219514330331 0.9669506272778893 0.9190243029905117 
-2.999999999999999 0.012004054868849971 0.29728521046034384 3.565351840907705E-10 0.8001322870239218 0.18695110472172366 0.9858296012575403 0.0775264273199498 0.9620180858109247 0.9959417246669454 0.29528334313682053 0.9633535928983208 0.91489881692381 
-2.899999999999999 0.013721394157888244 0.3112575308982001 4.986210831400832E-10 0.7819453090296848 0.1383602995265103 0.9851204278752052 0.08473266207093143 0.9595750042187696 0.9953815993543165 0.3086892557040049 0.9593815091939751 0.9105835984843241 
-2.799999999999999 0.015680522287122006 0.3255822860186746 6.973308543776606E-10 0.7625944350156395 0.10083255828844599 0.9843763255975041 0.09254153360759416 0.9569818051285267 0.9947445731953931 0.32242533531288525 0.9549990049195087 0.9060720328762035 
-2.699999999999999 0.017914292195848416 0.3402406232592084 9.752301634866E-10 0.7420927019236107 0.07262560055030015 0.9835956316692597 0.10099065536933817 0.9542301909899843 0.9940202084780139 0.3364751463025156 0.9501682137781584 0.9013574924952583 
-2.5999999999999988 0.020459659733915683 0.3552113175168654 1.3638775133757168E-9 0.7204694638524352 0.051854227358747236 0.9827766100710842 0.11011758049947552 0.9513115272947519 0.9931966861325401 0.35082019795902464 0.944848792168149 0.8964333628504233 
-2.4999999999999987 0.023358086199503195 0.3704708424836069 1.9074080569385295E-9 0.6977716465787529 0.036787933248705586 0.9819174488981075 0.1199592799600206 0.9482168453969598 0.9922606333214153 0.365439997249192 0.9389979910263427 0.8912930711042563 
-2.3999999999999986 0.02665594576873931 0.3859934754522609 2.6675456257659844E-9 0.6740645582580541 0.025979220611697294 0.9810162577099423 0.13055153347484794 0.944936848104111 0.9911969325956292 0.38031212824429217 0.9325707942811372 0.8859301172987941 
-2.2999999999999985 0.030404924860827156 0.40175143562755866 3.730612145367987E-9 0.6494321490274401 0.01828594153226133 0.9800710648597497 0.1419282322950183 0.9414619184136642 0.989988511592671 0.3954123584267876 0.9255201376830448 0.8803381083103586 
-2.1999999999999984 0.03466239568091145 0.41771505515973173 5.217330432454941E-9 0.6239766314796054 0.012840854079638857 0.9790798148114135 0.15412059614836468 0.9377821317950953 0.9886161125197053 0.41071477147560886 0.9177972227597512 0.8745107945499347 
-2.0999999999999983 0.03949174033541437 0.43385298127096433 7.296533588754444E-9 0.5978174042793262 0.009002306631163574 0.978040365455072 0.1671563109377285 0.933887272439087 0.9870580410749448 0.42619192550067786 0.9093519411649369 0.8684421093943341 
-1.9999999999999982 0.044962594973357674 0.45013240699887613 1.0204337842304639E-8 0.5710892612747096 0.006303897817381837 0.9769504854326189 0.18105859876190086 0.9297668539140946 0.9852898950509362 0.44181503506494774 0.9001334245386666 0.8621262112973875 
-1.8999999999999981 0.05115097541629381 0.4665193272697763 1.4270956120822872E-8 0.5439399154807635 0.004410727301022417 0.9758078514862399 0.19584523754438307 0.9254101446846891 0.9832842736858441 0.45755417471534787 0.8900907339166051 0.8555575284897924 
-1.799999999999998 0.05813923688933944 0.482978816271778 1.9958197329381863E-8 0.516526917043148 0.0030843441909802934 0.9746100458446495 0.2115275537634158 0.9208061989543795 0.9810104699421963 0.4733785011662187 0.8791737004334956 0.8487308061310858 
-1.699999999999998 0.06601581116356658 0.4994753214565392 2.791190978119103E-8 0.48901409153662945 0.0021559640088805792 0.9733545536633914 0.22810941816618152 0.9159438932966 0.9784341493657517 0.4892564907632291 0.867333925272607 0.8416411557276441 
-1.5999999999999979 0.07487465537328108 0.5159729689874917 3.903532429840156E-8 0.4615676642883879 0.0015066017207450782 0.9720387605374082 0.24558628048774092 0.9108119695294918 0.9755170210872773 0.505156188423789 0.854525941248029 0.8342841065770171 
-1.4999999999999978 0.08481433907901774 0.5324358750956902 5.459162587841086E-8 0.43435226302308605 0.0010526167961132729 0.9706599501060507 0.2639442845405519 0.9053990842712388 0.9722165089600687 0.52104546392005 0.840708530865234 0.8266556589417329 
-1.3999999999999977 0.09593669137984633 0.5488284576187178 7.634740202976734E-8 0.40752700161215266 7.353305934773579E-4 0.9692153017727881 0.2831595089721726 0.8996938655810739 0.968485433859672 0.5368922711571029 0.825846186099915 0.8187523385956766 
-1.2999999999999976 0.1083449301289765 0.5651157419923138 1.0677325784617868E-7 0.3812418407099946 5.136335667915001E-4 0.9677018885641191 0.30319738085281606 0.8936849770446949 0.9642717218854406 0.552664906011368 0.8099106835607519 0.8105712523241141 
-1.1999999999999975 0.12214120316192748 0.5812636561388216 1.4932437973995622E-7 0.35563439748707737 3.5875264508352576E-4 0.9661166751545353 0.32401230843159295 0.8873611895997071 0.959518157651166 0.5683322583363274 0.7928827355030625 0.8021101438954639 
-1.0999999999999974 0.13742348983790637 0.5972393090428249 2.0883290869267214E-7 0.3308273395463549 2.505627650952032E-4 0.964456516086882 0.3455475753902954 0.8807114613149519 0.9541622070483875 0.5838640539127935 0.7747536629914804 0.7933674499603485 
-0.9999999999999974 0.15428184306176887 0.6130112483060948 2.920566808630923E-7 0.30692645202728686 1.7499425038653346E-4 0.962718154220071 0.36773553143644 0.8737250252354168 0.9481359397577471 0.5992310824113092 0.755527023372161 0.7843423552727101 
-0.8999999999999975 0.1727939996706463 0.6285496926078045 4.0844665020354033E-7 0.2840194172351021 1.222140471119321E-4 0.960898219438827 0.3904981031185317 0.8663914852804416 0.9413660882138631 0.6144054078322926 0.7352201114541815 0.7750348465705833 
-0.7999999999999975 0.1930204516178711 0.6438267357331346 5.712201406636929E-7 0.2621752981825331 8.535157851599837E-5 0.9589932276629775 0.4137476346802978 0.8587009200360853 0.9337742863921593 0.6293605583780664 0.7138652440441534 0.7654457644022755 
-0.6999999999999975 0.21499915032387915 0.6588165196414486 7.988618042802592E-7 0.24144467567354128 5.9606985620477905E-5 0.9569995801967234 0.43738805234424555 0.8506439941124005 0.9252775381757218 0.6440716932694158 0.6915107325047994 0.755576852139196 
-0.5999999999999975 0.23874010694592535 0.6734953748901576 1.1172227290534474E-6 0.22186035613365088 4.1627409875670676E-5 0.9549135634613124 0.4613163277315212 0.8422120765432708 0.9157889704150167 0.6585157446251695 0.6682214495333931 0.7454308013814284 
-0.49999999999999756 0.2642202428846266 0.687841927578484 1.5624560609421083E-6 0.20343854588684132 2.9070952619618596E-5 0.9527313491575832 0.48542419855927393 0.8333973654916657 0.9052189290479667 0.672671533152885 0.64407890576153 0.7350112929384002 
-0.3999999999999976 0.2913789238805003 0.7018371727950092 2.1851224878675722E-6 0.18618037709591403 2.0301937778634445E-5 0.9504489949079128 0.5096000888171717 0.8241930182889856 0.8934764764073626 0.6865198570288852 0.6191807698090467 0.7243230325566854 
-0.2999999999999976 0.3201146603989 0.7154645153162364 3.05593176122839E-6 0.17007367001727425 1.4177986965331866E-5 0.9480624454301425 0.5337311577795578 0.8145932855872157 0.8804713423998977 0.7000435539548772 0.5936397919112877 0.7133717805719224 
-0.1999999999999976 0.3502834585458171 0.7287097789873143 4.2737721753767E-6 0.15509482365897329 9.901268797507887E-6 0.9455675342990648 0.5577053987007611 0.8045936481418454 0.8661163696694811 0.7132275369470015 0.567582124903168 0.7021643746836947 
-0.09999999999999759 0.38169924438130726 0.7415611868030588 5.976939660146397E-6 0.1412107400702295 6.914592146849548E-6 0.9429599863539504 0.5814137047167046 0.7941909544783963 0.850330471209169 0.7260588049253714 0.5411450747652641 0.6907087450923135 
2.4147350785597155E-15 0.4141366528702942 0.7540093141858576 8.358841320460188E-6 0.12838070400721746 4.8288297651885865E-6 0.9402354208133408 0.6047518216728803 0.7833835574338434 0.8330420865280883 0.7385264296156452 0.5144743527155409 0.6790139212956999 
0.10000000000000242 0.4473362756937214 0.7660470183211934 1.1689956042835379E-5 0.11655815753929322 3.3722281423549546E-6 0.9373893551608741 0.6276221150941563 0.7721714473155952 0.8141930785791114 0.7506215206405691 0.48772093795337035 0.6670900299233818 
0.20000000000000243 0.4810122191658992 0.7776693466610504 1.634854468868102E-5 0.10569232661995394 2.3550048770535224E-6 0.934417209868162 0.649935090555075 0.7605563791956066 0.7937429587890656 0.7623371709642361 0.46103769054349525 0.6549482830828882 
0.30000000000000243 0.5148615674109203 0.7888734278448455 2.286359471811957E-5 0.09572967256051389 1.6446236835281252E-6 0.9313143140226344 0.6716106221270617 0.7485419916672859 0.7716732643582217 0.7736683850542303 0.43457587401953485 0.6426009568107367 
0.40000000000000246 0.5485751176926443 0.7996583483250833 3.197487092369291E-5 0.08661515498456925 1.1485269126958612E-6 0.9280759119297128 0.6925788609346374 0.736133914250334 0.7479918457920502 0.7846119922493324 0.4084817546560162 0.6300613593543491 
0.5000000000000024 0.5818485947605607 0.810025017932072 4.471688161546775E-5 0.07829330387611733 8.020764172360085E-7 0.9246971707595869 0.7127808136310041 0.7233398605458581 0.7227367615383208 0.7951665478682639 0.38289343809596377 0.6173437891604462 
0.6000000000000024 0.614393489339967 0.8199760274820437 6.253627583179522E-5 0.07070910673832075 5.601318565052704E-7 0.9211731893091291 0.7321685973892884 0.7101697042328365 0.6959794312695264 0.8053322245753768 0.35793808490055273 0.6044634826070014 
0.7000000000000024 0.6459467144003921 0.8295155013403663 8.745596478159699E-5 0.0638087228407446 3.9116930386167734E-7 0.9174990079489856 0.7507053926314301 0.6966355350678354 0.6678266817423741 0.8151106964411323 0.33372961692905306 0.5914365516862312 
0.8000000000000024 0.6762784221834736 0.8386489476108628 1.2230452996117648E-4 0.057540040365784174 2.731739227253222E-7 0.9136696198245171 0.7683651263575598 0.6827516922113447 0.6384213405081243 0.8245050180084328 0.3103669897370302 0.5782799120214348 
0.9000000000000024 0.705197546953391 0.8473831083477822 1.7103682244255615E-4 0.05185309434423298 1.9077158832338143E-7 0.9096799833768819 0.7851319271521252 0.6685347724619506 0.6079411007596693 0.8335195005104928 0.28793306646435884 0.5650112017763966 
1.0000000000000024 0.7325548934035073 0.8557258118919466 2.3918187293022955E-4 0.04670036397785419 1.3322574001105313E-7 0.9055250362470518 0.8009993976537538 0.6540036113359845 0.5765954965803122 0.8421595871919914 0.26649409001206265 0.5516486921878434 
1.1000000000000025 0.7582438372175627 0.8636858291288021 3.34468414863861E-4 0.04203696763999976 9.303847417418699E-8 0.9011997106207723 0.8159697517195459 0.6391792353832895 0.5446209844510164 0.8504317294721893 0.24609971614601966 0.5382111906143605 
1.2000000000000026 0.7821989082438193 0.8712727351637196 4.676979558686528E-4 0.03782077283516926 6.497361223896519E-8 0.896698950066292 0.830052862155587 0.6240847846726645 0.5122743074681371 0.8583432654652229 0.22678354302599862 0.5247179371444699 
1.3000000000000027 0.8043926668859879 0.8784967776173075 6.539623964914756E-4 0.03401243694271546 4.5374457063184426E-8 0.8920177279089739 0.8432652613259891 0.6087454050018338 0.4798244991615534 0.8659023021464944 0.20856405391246505 0.5111884959378011 
1.4000000000000028 0.824831354075474 0.8853687524672784 9.143402772876245E-4 0.030575392872126187 3.168734614961263E-8 0.8871510671775064 0.8556291318458044 0.5931881100700553 0.4475440364461359 0.8731176022314967 0.19144587970718707 0.49764264258241636 
1.5000000000000029 0.8435498006209545 0.891899888108462 0.0012782561030647826 0.027475791970588158 2.212892377889181E-8 0.8820940621452587 0.867171318541276 0.5774416145759083 0.415699750657622 0.8799984766197865 0.17542128585698688 0.4841002488349442 
1.600000000000003 0.8606060372651745 0.8981017380721616 0.0017867547352655587 0.024682414757397256 1.5453779685051898E-8 0.876841901477263 0.8779223864841094 0.5615361399438135 0.38454413441449675 0.8865546830562959 0.16047179265179615 0.47058116616557966 
1.700000000000003 0.8760759703978949 0.9039860826421124 0.002497031690548791 0.022166558387749263 1.0792178980753414E-8 0.8713898929782562 0.8879157436311294 0.5455031951131895 0.35430763505897367 0.8927963314777236 0.14656984737890114 0.457105109555439 
1.8000000000000032 0.8900483975179561 0.9095648394275416 0.003488673614562231 0.019901908215676424 7.536740484368237E-9 0.8657334899201348 0.8971868407670419 0.5293753355152474 0.3251924110449825 0.8987337963453719 0.13368047937385155 0.4436915429883764 
1.9000000000000032 0.9026205454232155 0.9148499828039869 0.004872201079600407 0.01786439945601848 5.2632982805637385E-9 0.8598683189080254 0.9057724562823085 0.5131859039857647 0.29736786569568374 0.9043776361185635 0.12176288308823731 0.43035956804337194 
2.000000000000003 0.9138942325505013 0.9198534720085849 0.006800659201379328 0.016032073746390738 3.6756352203773103E-9 0.8537902092229613 0.9137100689451269 0.49696875789109285 0.2709680897755841 0.9097385198950441 0.11077188850336378 0.41712781692813394 
2.100000000000003 0.9239726903242952 0.9245871875768885 0.009485141794447009 0.014384934379420976 2.566887443316412E-9 0.8474952235559378 0.9210373182875202 0.4807579871557482 0.24609116758599642 0.914827161136234 0.10065929152639053 0.40401435120173235 
2.2000000000000033 0.9329580286171177 0.9290628757309178 0.013215193633011282 0.012904803103403311 1.792591143953461E-9 0.840979690022998 0.9277915494986515 0.46458762815466104 0.22280015340944656 0.9196542583050887 0.0913750287300525 0.3910365673168422 
2.3000000000000034 0.9409492967323568 0.9332921002708859 0.018384870051819168 0.011575180662190765 1.2518597248962978E-9 0.8342402353241469 0.9340094377381991 0.4484913785589092 0.2011254205149688 0.9242304421715004 0.08286819057066774 0.37821110997417057 
2.4000000000000035 0.94804107143754 0.9372862014834604 0.02552457136002154 0.010381112646854663 8.742388223036407E-10 0.8272738188805138 0.9397266854569987 0.43250231819471513 0.18106802870602806 0.9285662294832547 0.07508787492878805 0.36555379412708094 
2.5000000000000036 0.9543224945966282 0.9410562615552205 0.03533713763143043 0.009309061746077563 6.105264856245077E-10 0.82007776775461 0.9449777855369317 0.41665264079300374 0.16260374543653983 0.9326719826579746 0.06798388853742396 0.3530795363078942 
2.6000000000000036 0.9598766819192703 0.9446130759687867 0.048733356127578085 0.008346787093555456 4.2636243107710014E-10 0.8126498121281024 0.9497958427311926 0.400973401179299 0.1456873809889996 0.9365578751216214 0.06150730779231552 0.34080229577358306 
2.7000000000000037 0.9647804286226898 0.9479671303587901 0.06685608263183793 0.007483231104052 2.977510835388703E-10 0.8049881210807098 0.954212445899249 0.3854942819961506 0.13025714846124764 0.9402338619003664 0.05561091284296101 0.3287350257923642 
2.800000000000004 0.9691041452320305 0.9511285823133783 0.09107298133869042 0.006708413951737594 2.0793508358877906E-10 0.7970913383831592 0.9582575837978787 0.3702433834831304 0.11623882254244437 0.9437096550633448 0.05024951003219932 0.3168896352185933 
2.900000000000004 0.9729119656941483 0.9541072476224958 0.12290645663668193 0.006013335663155876 1.4521189468738526E-10 0.7889586179871904 0.9619595976331063 0.35524703918751127 0.10354953716633408 0.9469947036125128 0.045380157969831254 0.30527696033563456 
3.000000000000004 0.9762619792957703 0.9569125904951019 0.16386097094967833 0.005389885662228099 1.0140902629016092E-10 0.780589658867081 0.9653451641335161 0.3405296597696061 0.09210112365898074 0.9500981774210655 0.040962312049850715 0.2939067467887762 
3.100000000000004 0.9792065468092218 0.95955371729237 0.21511523579338734 0.004830759507252763 7.081920275967584E-11 0.7719847388407766 0.9684393035220507 0.32611360632909553 0.08180294334531642 0.9530289548324086 0.03695790127267102 0.28278764128601147 
3.200000000000004 0.9817926693984452 0.9620393733515255 0.2770885681795958 0.004329382492369269 4.9456736376892E-11 0.763144746975269 0.9712654074015887 0.3120190939407911 0.07256420965540211 0.9557956135463148 0.03333134999438901 0.2719271926161515 
3.3000000000000043 0.984062385892017 0.964377942504283 0.34897767326328216 0.0038798397421454032 3.453821389853833E-11 0.7540712141611794 0.9738452822002442 0.2982641253765445 0.06429582440305763 0.9584064244366359 0.03004955583638266 0.2613318614231852 
3.4000000000000044 0.9860531800096448 0.9665774489239845 0.42846358096056114 0.003476812402614162 2.4119832942579264E-11 0.7447663414264085 0.9761992044249557 0.28486445432769997 0.05691177217678734 0.9608693479648983 0.027081833556428115 0.2510070380842474 
3.5000000000000044 0.9877983840530934 0.9686455609657919 0.5118205627974021 0.0031155195209571066 1.6844135104529078E-11 0.7352330255490738 0.9783459845331451 0.2718335768488273 0.05033012743440812 0.9631920328755161 0.02439983328244642 0.24095706796656008 
3.6000000000000045 0.9893275695361835 0.9705895966941295 0.5945252511375564 0.0027916652056398836 1.1763136506560931E-11 0.7254748815265253 0.9803030367441163 0.2591827492330761 0.04447373289639607 0.9653818168805781 0.021977440192233296 0.2311852832861963 
3.7000000000000046 0.9906669183523498 0.9724165308205156 0.6721924790111038 0.0025013906663555055 8.2148106514872E-12 0.715496261460815 0.9820864525707308 0.2469210301120658 0.03927060707564993 0.9674457290646775 0.01979066151761027 0.22169404075789814 
3.8000000000000047 0.9918395704902874 0.974133002802689 0.7414524948158904 0.0022412307463915903 5.736829968952275E-12 0.7053022694321948 0.9837110762572051 0.2350553442536474 0.03465413489918184 0.969390493762626 0.017817505674924478 0.212484764209367 
3.900000000000005 0.9928659461317418 0.9757453258822527 0.8004237922488138 0.002008074577244935 4.006327046221818E-12 0.6948987719516106 0.9851905806621318 0.22359056530951338 0.030563089684462426 0.9712225356847816 0.016037857380432216 0.20355799133401184 
