0 84631.29155827245
1 4.6387150584082276E8
2 2.597827841255737E12
3 1.4580560833134746E16
4 8.200074024798446E19
5 3.60178656025375E23
6 1.5926192376832437E27
7 7.042945367427602E30
8 3.1145663897424707E34
9 1.3773391206599789E38
10 6.090937926251673E41
11 2.6935650244359214E45
12 1.1911617929311706E49
13 5.267615238789866E52
14 2.329471148973848E56
15 1.0301503788549606E60
16 2.915764433272853E63
17 8.190392407928318E66
18 2.300681227364703E70
19 6.462613567666322E73
20 1.8153481511574642E77
21 5.099312956601318E80
22 1.43239700950931E84
23 4.023603199711648E87
24 1.1302301387990023E91
25 3.1748164598864003E94
26 8.918059435820897E97
27 2.505082895522089E101
28 7.036777853521556E104
29 1.976630899054203E108
30 5.552356195443256E111
31 1.5596568553000106E115
32 4.381076106537729E118
33 1.2306442783264488E122
34 3.4568797778189945E125
35 9.71037529589356E128
36 2.7276444206165018E132
37 6.542492059393047E135
38 1.2618883492934015E139
39 2.44280841719222E142
40 4.7292702376276375E145
41 9.155866953302612E148
42 1.7725758414097112E152
43 3.4317068289444167E155
44 6.64378442083557E158
45 1.2862366638737634E162
46 2.4901541812596044E165
47 4.820938494918591E168
48 9.333336926162395E171
49 1.8069340289050405E175
50 3.498224279960157E178
51 6.772562206002864E181
52 1.3111680430821545E185
53 2.5384213314070523E188
54 4.914383697604051E191
55 9.514246838561439E194
56 1.8419581879454945E198
57 3.5660310518624783E201
58 6.903836116405759E204
59 1.3365826721361547E208
60 2.5876240532555974E211
61 5.009640167102833E214
62 9.698663363511077E217
63 1.8776612271757454E221
64 3.635152135812241E224
65 7.037654534932497E227
66 1.3624899179629321E231
67 2.6377804811762343E234
68 5.106743011557189E237
69 9.886654470374718E240
70 1.9140563054645436E244
71 3.705613007379357E247
72 7.174066782286434E250
73 1.388899329050653E254
74 2.6889091010420615E257
75 5.205728019617433E260
76 1.0078289445979345E264
77 1.951156836741602E267
78 3.77743963593174E270
79 7.313123135163851E273
80 1.4158206389677215E277
81 2.7410287570415087E280
82 5.306631673632361E283
83 1.0273638920152252E287
84 1.9889764949414758E290
85 3.8506584942066966E293
86 7.454874844784165E296
87 1.4432637699502145E300
88 2.7941586586236133E303
89 Infinity
90 NaN
91 NaN
92 NaN
93 NaN
94 NaN
95 NaN
96 NaN
97 NaN
98 NaN
99 NaN
100 NaN
