0 381.39900824874036
1 381.018545084043
2 380.6379501672749
3 380.2572264302363
4 379.876377647214
5 379.4954084680671
6 379.11432445090827
7 378.73313209408883
8 378.351838867177
9 377.97045324059013
10 377.5889847135181
11 377.2074438397589
12 376.82584225106336
13 376.4441926775751
14 376.06250896494157
15 375.6808060876607
16 375.29910015823737
17 374.91740843171874
18 374.5357493051987
19 374.15414231190186
20 373.7726081094745
21 373.3911684621673
22 373.00984621661263
23 372.62866527098026
24 372.24765053733
25 371.8668278970669
26 371.48622414946743
27 371.1058669533348
28 370.72578476191666
29 370.3460067513142
30 369.9665627426962
31 369.5874831187253
32 369.2087987346811
33 368.8305408248612
34 368.4527409049011
35 368.07543067073954
36 367.6986418949982
37 367.3224063216056
38 366.9467555595206
39 366.5717209764383
40 366.19733359336453
41 365.8236239809401
42 365.45062215837646
43 365.07835749582136
44 364.70685862093546
45 364.3361533303933
46 363.9662685069505
47 363.59723004264794
48 363.22906276862915
49 362.8617903919563
50 362.49543543972794
51 362.1300192106874
52 361.7655617344403
53 361.40208173828535
54 361.03959662159974
55 360.67812243762353
56 360.317673882422
57 359.9582642907412
58 359.5999056384125
59 359.24260855091745
60 358.8863823176848
61 358.53123491166684
62 358.17717301371425
63 357.8242020412681
64 357.4723261808725
65 357.1215484240253
66 356.771870605882
67 356.4232934463547
68 356.07581659315844
69 355.7294386663815
70 355.38415730418717
71 355.0399692092757
72 354.6968701957694
73 354.3548552362098
74 354.01391850838866
75 353.6740534417665
76 353.33525276325463
77 352.9975085421715
78 352.6608122342093
79 352.32515472426934
80 351.9905263680526
81 351.6569170323086
82 351.32431613367174
83 350.9927126760281
84 350.6620952863709
85 350.3324522491244
86 350.00377153892174
87 349.6760408518345
88 349.3492476350696
89 349.0233791151414
90 348.6984223245557
91 348.3743641270271
92 348.0511912412704
93 347.7288902634063
94 347.4074476880216
95 347.0868499279306
96 346.7670833326881
97 346.44813420589844
98 346.1299888213705
99 345.8126334381677
100 345.49605431460645
