0 384.80108490640526
81 384.3344346543964
162 383.79942875180654
243 383.40342684450906
324 383.09366339280837
405 382.81199605413093
486 382.34291327881056
567 381.916399997091
648 381.5283724120851
729 381.35341479497873
810 381.0172803414084
891 380.6433984449715
972 380.23049242098097
1053 379.7944171234278
1134 379.3443668139059
1215 379.0339304577312
1296 378.5939655733598
1377 378.13809963812514
1458 377.66454411847684
1539 377.2063490894168
1620 376.81195842485283
1701 376.42221492247177
1782 376.0486817303327
1863 375.76677405294146
1944 375.33268477433205
2025 374.9862812036333
2106 374.5779938665019
2187 374.2402054659074
2268 373.93018745886087
2349 373.34166036682825
2430 373.0089587576235
2511 372.6378690036734
2592 372.2881488196518
2673 371.9417186048004
2754 371.60292898228215
2835 371.14513753063363
2916 370.6521896966443
2997 370.3020017545487
3078 369.96973751735106
3159 369.57789767601304
3240 369.16252932890217
3321 368.9007634131729
3402 368.5961626782004
3483 368.23103014204935
3564 367.9941344274753
3645 367.60972057477983
3726 367.24524174672916
3807 366.8588034214836
3888 366.5518354857756
3969 366.286846117784
4050 365.94430586129874
4131 365.55146533262007
4212 365.20425472720007
4293 364.90989736451183
4374 364.64771399710844
4455 364.3553561176331
4536 364.0384466592397
4617 363.71743778235646
4698 363.34608353189856
4779 362.9764709414584
4860 362.5794528778104
4941 362.2020764119998
5022 361.7971817984284
5103 361.48250044457046
5184 361.13862970975555
5265 360.7805170483375
5346 360.3545388057223
5427 360.0113455229807
5508 359.58418790368813
5589 359.2595200744745
5670 358.9711658127219
5751 358.51395067905054
5832 358.15154144443153
5913 357.7540062260244
5994 357.4766308733898
6075 357.0977424546054
6156 356.8293225465765
6237 356.56423701811474
6318 356.33871300968076
6399 356.04724207325944
6480 355.69931537078526
6561 355.40640366360174
6642 355.17935726270053
6723 354.84010941359264
6804 354.5689222132058
6885 354.23819198626404
6966 353.8700755506296
7047 353.5383327597428
7128 353.1766264946062
7209 352.899079099911
7290 352.69176471516573
7371 352.3073624317611
7452 351.9908114833789
7533 351.67993902066615
7614 351.35485485886363
7695 350.96255073911584
7776 350.61840291507923
7857 350.3190732895184
7938 350.02068561992564
8019 349.7588464410538
8100 349.4265210745007
