0 392.25593737214353
81 346.23282248574685
162 310.26288453439537
243 285.86763453598047
324 239.75557532817177
405 207.1547788568781
486 167.1542697752049
567 142.35518758099528
648 115.82282246217248
729 95.42188179611716
810 80.92800270015529
891 70.29535496264081
972 60.50770350906265
1053 52.721062992005784
1134 47.906385973868474
1215 43.441150591001865
1296 41.20282667567136
1377 37.144063626668746
1458 34.02940607926348
1539 31.354054611612405
1620 29.099697723159025
1701 26.329153330180517
1782 25.069873765113332
1863 24.103375173330342
1944 22.50200228147475
2025 21.882121490112524
2106 21.037719600011133
2187 19.965950070351756
2268 19.274815316404858
2349 18.286528592664524
2430 17.4672233733447
2511 16.612053875306625
2592 15.663161306637909
2673 15.200867650755637
2754 14.718115471119715
2835 14.263993781899352
2916 13.874697748153944
2997 13.425461942398238
3078 12.98089636533264
3159 12.667507694478783
3240 12.222646120494831
3321 12.170169710976813
3402 11.346024110524615
3483 10.990407088142366
3564 10.71797719479753
3645 10.550248036421205
3726 10.17246139106993
3807 9.935443574837807
3888 9.759031446418513
3969 9.401197147637566
4050 9.165574557367522
4131 9.002695608686475
4212 9.482328033496211
4293 8.566843154308035
4374 8.536051478624222
4455 8.16344353669923
4536 8.325056826924701
4617 8.053932313213616
4698 7.744994734363333
4779 7.5500019033931975
4860 7.39494696829112
4941 7.145523252015592
5022 6.9271011933551785
5103 6.791469151897106
5184 6.7951332993556
5265 6.588297940231174
5346 6.486181798890483
5427 6.657077579312291
5508 6.152299226675591
5589 6.052135050683584
5670 5.894557634594327
5751 5.8178089055140925
5832 5.681574490176289
5913 5.565663217132147
5994 5.465445495989316
6075 5.26086858013339
6156 5.151824387703205
6237 5.050746861822306
6318 5.0907752909969455
6399 4.939186867477025
6480 4.871951705769648
6561 4.83920706562153
6642 4.671443644302233
6723 4.533318995778856
6804 4.459395303007674
6885 4.436347838970055
6966 4.269114534585527
7047 4.2633128165416965
7128 4.155414845306292
7209 4.078695692434349
7290 4.039108039904591
7371 3.9636795519290016
7452 3.8734446402228357
7533 3.8669992079844775
7614 3.839821393398438
7695 3.8405577333014858
7776 3.6659135427722003
7857 3.599090256787022
7938 3.5373071560863663
8019 3.485748526071393
8100 3.413219965969219
