0 347.6883264108083
1 321.9242584724471
2 296.2443000052533
3 270.5825426444676
4 245.92546923837133
5 222.91311882364087
6 201.79984606410207
7 182.61463945006417
8 165.2750863086738
9 149.64645359807704
10 135.5656004911441
11 122.84099646123117
12 111.24423164248107
13 100.5631134336976
14 90.75778242383954
15 81.90514187818385
16 73.99094200538514
17 66.93729896874268
18 60.66141544615171
19 55.085742029824935
20 50.13705822133447
21 45.74505465297676
22 41.842050816020915
23 38.364632899153634
24 35.2577172235748
25 32.479251696968376
26 29.999916430191465
27 27.795850676945793
28 25.841721685311345
29 24.109651764130973
30 22.57154273069025
31 21.20126863363614
32 19.975741342460243
33 18.875133980801586
34 17.882671142847844
35 16.984245189136846
36 16.16799366258437
37 15.423902368109067
38 14.743461942607105
39 14.119386457274198
40 13.545392111123007
41 13.016028593574031
42 12.526553581338353
43 12.072841011637285
44 11.651315085894415
45 11.258903133997432
46 10.893000318737093
47 10.551436985286022
48 10.232435877806909
49 9.93454447290057
50 9.656532704646649
51 9.397262413660243
52 9.155557239891113
53 8.930114161308643
54 8.719485202657768
55 8.522125209956233
56 8.336473686651251
57 8.161034148797503
58 7.994429169923007
59 7.835427133612685
60 7.682947169761473
61 7.536051192889215
62 7.393930182959139
63 7.255889134354326
64 7.121332930980074
65 6.989754057838851
66 6.860722343254001
67 6.733876591498754
68 6.608917830225009
69 6.485603854021936
70 6.363744741147395
71 6.243199032420833
72 6.123870282665104
73 6.0057037255894326
74 5.88868283325361
75 5.772825600214793
76 5.658180437220555
77 5.544821616765717
78 5.432844271755735
79 5.322359009980599
80 5.213486271915147
81 5.106350623850463
82 5.0010752318965235
83 4.89777678974477
84 4.7965611612546875
85 4.697519944509738
86 4.6007280761893155
87 4.506242492764544
88 4.4141017695564955
89 4.324326586969408
90 4.236920833484825
91 4.151873146728377
92 4.069158710320599
93 3.988741155826774
94 3.9105744567745004
95 3.834604738369049
96 3.7607719578473238
97 3.6890114344320426
98 3.6192552244066047
99 3.55143334681774
100 3.4854748701089835
