0 383.52380189939305
81 1.0030118679151875E8
162 6557501.977314014
243 44671.21473914238
324 7879.452183228529
405 8243744.031531388
486 3.797898772135725E9
567 6.766965482037802E7
648 5720415.6134288395
729 348801.2946584077
810 20123.558099268277
891 3787.278860066152
972 10201.560166363186
1053 2444712.002218506
1134 813.1726247019601
1215 8202.020561321071
1296 18544.152530062114
1377 21958.599793553767
1458 1234.2096934485794
1539 1.0585971704955155E8
1620 5.072372896042433E10
1701 3.191430127459249E14
1782 6.9430602742624038E17
1863 8.3107602181481744E16
1944 2.699649092637044E21
2025 1.8723958096405717E21
2106 7.010932264881094E15
2187 4.337258429769917E15
2268 2.1778012119929728E15
2349 7.929247106126617E15
2430 3.248634909807958E14
2511 2.2259433886538656E16
2592 8.496445456651117E15
2673 2.8870852630860992E13
2754 2.483141583903212E18
2835 1.0465544869410515E15
2916 2.8919078943909658E17
2997 7.8874346845481841E18
3078 7.39170802965813E19
3159 2.6019007932738552E16
3240 3.736498592920164E14
3321 3.0229314585390465E15
3402 1.683259570314137E14
3483 2.3260994961534124E16
3564 3.8086914383359552E17
3645 2.57033618376316704E17
3726 3.4765625148217963E21
3807 1.8953744822918054E20
3888 6.466508371064235E21
3969 7.280215693503948E14
4050 9.443974504345204E19
4131 4.0502803263222096E16
4212 1.6539910814780672E16
4293 6.2262462070422682E17
4374 8.479383011829336E16
4455 1.1405092100782465E15
4536 4.125172986317775E15
4617 7.6812985179901143E18
4698 6.8447038888163904E17
4779 1.759898509953752E17
4860 5.870395074108168E14
4941 1.2642059145951543E19
5022 1.86805093535922355E18
5103 1.704103563949365E14
5184 1.5996515739541972E14
5265 2.419209368662042E14
5346 1.501541839573429E11
5427 3.140525991162616E8
5508 993331.9529191914
5589 1.1476453706020243E9
5670 3.965254207518978E10
5751 8.927761046888995E11
5832 3.400571799726252E10
5913 1.3028108047142234E7
5994 1369405.2197477482
6075 5678.189167262857
6156 136838.58723889125
6237 24710.81922445024
6318 5123.812746487026
6399 12965.659916504132
6480 8410.246289961611
6561 84475.74817262906
6642 113806.48656307145
6723 7334.363570502434
6804 2.101972393933901E7
6885 2.9202452732155696E7
6966 1352458.2564364006
7047 1653691.1239984964
7128 11396.14243858396
7209 845137.3648681894
7290 875.0181892482912
7371 6863.068044414591
7452 8563.646395772976
7533 413205.69633185276
7614 3697955.410049592
7695 1064.2187110001773
7776 9699.521215022216
7857 3950.0359532422144
7938 8.270531726307399E8
8019 5413516.852851269
8100 17654.537203190674
