-4.0 -4.0 1.7985496739581777 
-4.0 -3.0 9.86577495214906 
-4.0 -2.0 17.940441873206822 
-4.0 -1.0 20.55976045774139 
-4.0 0.0 11.839711348512552 
-4.0 1.0 10.33881951577878 
-4.0 2.0 10.740831331732672 
-4.0 3.0 2.5558378013265752 
-4.0 4.0 -1.0536501773113685 
-3.0 -4.0 -8.857197499294443 
-3.0 -3.0 -0.8261525034752424 
-3.0 -2.0 7.895198059416692 
-3.0 -1.0 13.321147944300677 
-3.0 0.0 10.631080456608363 
-3.0 1.0 13.304204939303514 
-3.0 2.0 17.677670198720676 
-3.0 3.0 15.427827692413835 
-3.0 4.0 16.958089830782356 
-2.0 -4.0 -12.765670721452356 
-2.0 -3.0 -6.9309906444198734 
-2.0 -2.0 0.20337378242816317 
-2.0 -1.0 6.052829839036377 
-2.0 0.0 6.888919728689057 
-2.0 1.0 11.305229587395019 
-2.0 2.0 17.204057941732003 
-2.0 3.0 18.50041483784377 
-2.0 4.0 22.77358388976458 
-1.0 -4.0 -9.801618307931724 
-1.0 -3.0 -7.945396248764589 
-1.0 -2.0 -4.292847317722863 
-1.0 -1.0 -0.040713334575768645 
-1.0 0.0 2.178478238521704 
-1.0 1.0 6.107185974018289 
-1.0 2.0 11.198147245317934 
-1.0 3.0 13.618772716993163 
-1.0 4.0 18.113114268297643 
0.0 -4.0 -1.908503638076306 
0.0 -3.0 -4.934442102884706 
0.0 -2.0 -5.813260455341355 
0.0 -1.0 -4.356021454646227 
0.0 0.0 -2.0988698712131644 
0.0 1.0 -0.14475775382011946 
0.0 2.0 2.5071923147137554 
0.0 3.0 4.279212840880785 
0.0 4.0 7.078317839145242 
1.0 -4.0 7.2741534047832985 
1.0 -3.0 -0.39717258275054235 
1.0 -2.0 -5.728739823564981 
1.0 -1.0 -7.146975271174227 
1.0 0.0 -5.090704918678009 
1.0 1.0 -5.505805591661977 
1.0 2.0 -5.844873197186747 
1.0 3.0 -5.430473986493487 
1.0 4.0 -5.193509655664542 
2.0 -4.0 13.309080737992293 
2.0 -3.0 2.3319736256351256 
2.0 -2.0 -6.259915853114844 
2.0 -1.0 -9.514783666265146 
2.0 0.0 -6.767697261437941 
2.0 1.0 -8.792429769512356 
2.0 2.0 -11.50545955422129 
2.0 3.0 -11.972599462124563 
2.0 4.0 -13.968065306418 
3.0 -4.0 12.199827280117994 
3.0 -3.0 0.02677120414705314 
3.0 -2.0 -9.837491459798027 
3.0 -1.0 -13.107940581120044 
3.0 0.0 -7.976366553501804 
3.0 1.0 -9.936077206947383 
3.0 2.0 -13.43702113072756 
3.0 3.0 -13.2718691726608 
3.0 4.0 -16.095852678023157 
4.0 -4.0 1.6809500551034233 
4.0 -3.0 -9.369334393294238 
4.0 -2.0 -18.314400164252053 
4.0 -1.0 -19.812007661192744 
4.0 0.0 -10.710366892578877 
4.0 1.0 -10.523444877984927 
4.0 2.0 -12.646134068460675 
4.0 3.0 -9.474809558457247 
4.0 4.0 -10.76886000777461 
