-4.0 -4.0 7.892923592814095 
-4.0 -3.0 10.982224008603175 
-4.0 -2.0 14.071524424392258 
-4.0 -1.0 17.16082484018134 
-4.0 0.0 20.250125255970424 
-4.0 1.0 23.339425671759503 
-4.0 2.0 26.428726087548586 
-4.0 3.0 29.518026503337666 
-4.0 4.0 32.60732691912675 
-3.0 -4.0 6.676193083985395 
-3.0 -3.0 9.765493499774477 
-3.0 -2.0 12.85479391556356 
-3.0 -1.0 15.944094331352641 
-3.0 0.0 19.033394747141724 
-3.0 1.0 22.122695162930803 
-3.0 2.0 25.211995578719886 
-3.0 3.0 28.30129599450897 
-3.0 4.0 31.39059641029805 
-2.0 -4.0 5.459462575156696 
-2.0 -3.0 8.548762990945779 
-2.0 -2.0 11.638063406734862 
-2.0 -1.0 14.72736382252394 
-2.0 0.0 17.816664238313024 
-2.0 1.0 20.905964654102107 
-2.0 2.0 23.995265069891186 
-2.0 3.0 27.08456548568027 
-2.0 4.0 30.173865901469348 
-1.0 -4.0 4.2427320663279975 
-1.0 -3.0 7.332032482117079 
-1.0 -2.0 10.42133289790616 
-1.0 -1.0 13.51063331369524 
-1.0 0.0 16.599933729484324 
-1.0 1.0 19.689234145273403 
-1.0 2.0 22.778534561062486 
-1.0 3.0 25.86783497685157 
-1.0 4.0 28.95713539264065 
0.0 -4.0 3.026001557499297 
0.0 -3.0 6.115301973288378 
0.0 -2.0 9.204602389077461 
0.0 -1.0 12.293902804866542 
0.0 0.0 15.383203220655624 
0.0 1.0 18.472503636444706 
0.0 2.0 21.561804052233786 
0.0 3.0 24.65110446802287 
0.0 4.0 27.740404883811948 
1.0 -4.0 1.8092710486705972 
1.0 -3.0 4.898571464459678 
1.0 -2.0 7.987871880248761 
1.0 -1.0 11.077172296037842 
1.0 0.0 14.166472711826925 
1.0 1.0 17.255773127616006 
1.0 2.0 20.345073543405086 
1.0 3.0 23.43437395919417 
1.0 4.0 26.52367437498325 
2.0 -4.0 0.5925405398418988 
2.0 -3.0 3.681840955630978 
2.0 -2.0 6.771141371420061 
2.0 -1.0 9.860441787209142 
2.0 0.0 12.949742202998223 
2.0 1.0 16.039042618787306 
2.0 2.0 19.12834303457639 
2.0 3.0 22.21764345036547 
2.0 4.0 25.30694386615455 
3.0 -4.0 -0.6241899689868013 
3.0 -3.0 2.4651104468022798 
3.0 -2.0 5.554410862591361 
3.0 -1.0 8.643711278380444 
3.0 0.0 11.733011694169525 
3.0 1.0 14.822312109958604 
3.0 2.0 17.91161252574769 
3.0 3.0 21.000912941536768 
3.0 4.0 24.090213357325855 
4.0 -4.0 -1.8409204778155015 
4.0 -3.0 1.2483799379735798 
4.0 -2.0 4.337680353762661 
4.0 -1.0 7.426980769551744 
4.0 0.0 10.516281185340825 
4.0 1.0 13.605581601129906 
4.0 2.0 16.69488201691899 
4.0 3.0 19.78418243270807 
4.0 4.0 22.87348284849715 
