-4.0 -4.0 -23.2745886414592 
-4.0 -3.0 -15.172049753641087 
-4.0 -2.0 -5.716846903455721 
-4.0 -1.0 4.683023499666363 
-4.0 0.0 15.86348280200396 
-4.0 1.0 27.92338178521144 
-4.0 2.0 41.036010227951586 
-4.0 3.0 55.250056765626205 
-4.0 4.0 70.57033906761161 
-3.0 -4.0 -25.653240934156138 
-3.0 -3.0 -17.412838742048848 
-3.0 -2.0 -7.377054398019124 
-3.0 -1.0 3.828242897538463 
-3.0 0.0 16.077967516488105 
-3.0 1.0 29.686809974281406 
-3.0 2.0 44.91423131429642 
-3.0 3.0 61.41484859611919 
-3.0 4.0 78.47657870512722 
-2.0 -4.0 -20.364999808117343 
-2.0 -3.0 -14.781679020289898 
-2.0 -2.0 -6.780967162665542 
-2.0 -1.0 2.7071556292044545 
-2.0 0.0 13.497959689964652 
-2.0 1.0 26.12694570565989 
-2.0 2.0 41.10172026551529 
-2.0 3.0 57.89128238300371 
-2.0 4.0 75.13861235155142 
-1.0 -4.0 -8.495914548649813 
-1.0 -3.0 -6.97777903525112 
-1.0 -2.0 -2.721041635173412 
-1.0 -1.0 3.2503720227092217 
-1.0 0.0 10.61476084766144 
-1.0 1.0 19.893333274283137 
-1.0 2.0 31.768557469249874 
-1.0 3.0 45.896929187775946 
-1.0 4.0 60.841580027733905 
0.0 -4.0 7.9169583222217526 
0.0 -3.0 4.658739831122607 
0.0 -2.0 3.9582527559647276 
0.0 -1.0 5.229388861513916 
0.0 0.0 8.112077715378474 
0.0 1.0 12.84367037045835 
0.0 2.0 20.0336662381264 
0.0 3.0 29.590918412885856 
0.0 4.0 40.35425851466297 
1.0 -4.0 26.39420483129923 
1.0 -3.0 18.54405630170283 
1.0 -2.0 12.484869079775475 
1.0 -1.0 8.664481650966396 
1.0 0.0 6.80585103529043 
1.0 1.0 6.666771583413469 
1.0 2.0 8.62816037071775 
1.0 3.0 12.752231265140976 
1.0 4.0 18.385653624640053 
2.0 -4.0 40.80073312680278 
2.0 -3.0 30.064871341620194 
2.0 -2.0 20.310757557925577 
2.0 -1.0 12.80765825656122 
2.0 0.0 7.046656760681381 
2.0 1.0 2.7522071038175633 
2.0 2.0 0.2366731570788672 
2.0 3.0 -0.7076021792672148 
2.0 4.0 -0.24833798490036932 
3.0 -4.0 48.4374167646569 
3.0 -3.0 36.72394181987077 
3.0 -2.0 25.377372208614904 
3.0 -1.0 15.90658845596177 
3.0 0.0 7.426967050049274 
3.0 1.0 0.5419609273212863 
3.0 2.0 -4.677341041576885 
3.0 3.0 -8.795060479275172 
3.0 4.0 -11.707584074196399 
4.0 -4.0 46.70342205210994 
4.0 -3.0 35.88897459411662 
4.0 -2.0 25.225986736059113 
4.0 -1.0 16.21003847401969 
4.0 0.0 7.942302012434379 
4.0 1.0 0.43023702834758204 
4.0 2.0 -5.945666103681193 
4.0 3.0 -11.405937158422805 
4.0 4.0 -15.568042346411273 
