-4.0 -4.0 -25.097761138727243 
-4.0 -3.0 -24.913182356479084 
-4.0 -2.0 -23.76524473939909 
-4.0 -1.0 -16.19115830809719 
-4.0 0.0 3.6930962946668258 
-4.0 1.0 17.328994098634485 
-4.0 2.0 30.032788731613195 
-4.0 3.0 52.294389188650605 
-4.0 4.0 70.95128457161857 
-3.0 -4.0 -16.346420958524018 
-3.0 -3.0 -16.203319427483176 
-3.0 -2.0 -15.388165709038397 
-3.0 -1.0 -9.915253558108994 
-3.0 0.0 5.036033719873383 
-3.0 1.0 15.986486781944969 
-3.0 2.0 26.598956821771218 
-3.0 3.0 45.19709238179814 
-3.0 4.0 61.377481051626376 
-2.0 -4.0 -7.59480979071363 
-2.0 -3.0 -7.491016385031033 
-2.0 -2.0 -6.990200619816825 
-2.0 -1.0 -3.5077697750156296 
-2.0 0.0 6.684733946088267 
-2.0 1.0 14.993724407486045 
-2.0 2.0 23.516903082599967 
-2.0 3.0 38.33925992528627 
-2.0 4.0 51.8815113215107 
-1.0 -4.0 1.1568438349187407 
-1.0 -3.0 1.2216827697544916 
-1.0 -2.0 1.4112558267185356 
-1.0 -1.0 2.9223048255800963 
-1.0 0.0 8.387357228494164 
-1.0 1.0 14.063954463012003 
-1.0 2.0 20.49935915572967 
-1.0 3.0 31.526160642074636 
-1.0 4.0 42.40030704279324 
0.0 -4.0 9.908503638076306 
0.0 -3.0 9.934442102884706 
0.0 -2.0 9.813260455341355 
0.0 -1.0 9.356021454646227 
0.0 0.0 10.098869871213164 
0.0 1.0 13.14475775382012 
0.0 2.0 17.492807685286245 
0.0 3.0 24.720787159119215 
0.0 4.0 32.92168216085476 
1.0 -4.0 18.66017001425565 
1.0 -3.0 18.647252025777952 
1.0 -2.0 18.215636284583734 
1.0 -1.0 15.79174974418721 
1.0 0.0 11.814418397688106 
1.0 1.0 12.229519070672074 
1.0 2.0 14.48964767019973 
1.0 3.0 17.91737044751224 
1.0 4.0 23.44358909869195 
2.0 -4.0 27.411880286339677 
2.0 -3.0 27.36039378794027 
2.0 -2.0 26.62039636528083 
2.0 -1.0 22.240083986368887 
2.0 0.0 13.554524098826603 
2.0 1.0 11.337489833533104 
2.0 2.0 11.50545955422129 
2.0 3.0 11.12424610745098 
2.0 4.0 13.968065306418 
3.0 -4.0 36.16387300380392 
3.0 -3.0 36.0757092894848 
3.0 -2.0 35.04110991761649 
3.0 -1.0 28.77505475760179 
3.0 0.0 15.469334203123509 
3.0 1.0 10.617256084185719 
3.0 2.0 8.668768990059203 
3.0 3.0 4.4165437685624225 
3.0 4.0 4.51581176497143 
4.0 -4.0 44.91747287443471 
4.0 -3.0 44.80355182929719 
4.0 -2.0 43.55521258441854 
4.0 -1.0 35.83021554322148 
4.0 0.0 18.476770714168566 
4.0 1.0 11.008845116834282 
4.0 2.0 6.821331202268408 
4.0 3.0 -1.6893959350779313 
4.0 4.0 -4.76394763540477 
