-4.0 -4.0 -31.192135057583158 
-4.0 -3.0 -26.0296314129332 
-4.0 -2.0 -19.896327290584523 
-4.0 -1.0 -12.792222690537141 
-4.0 0.0 -4.717317612791046 
-4.0 1.0 4.328387942653766 
-4.0 2.0 14.34489397579728 
-4.0 3.0 25.332200486639515 
-4.0 4.0 37.290307475180455 
-3.0 -4.0 -31.879811541803853 
-3.0 -3.0 -26.794965430732894 
-3.0 -2.0 -20.347761565185262 
-3.0 -1.0 -12.538199945160954 
-3.0 0.0 -3.3662805706599777 
-3.0 1.0 7.167996558317679 
-3.0 2.0 19.064631441772004 
-3.0 3.0 32.32362407970301 
-3.0 4.0 46.94497447211068 
-2.0 -4.0 -25.81994308732268 
-2.0 -3.0 -22.970770020396685 
-2.0 -2.0 -18.42489024412352 
-2.0 -1.0 -12.182303758503192 
-2.0 0.0 -4.2430105635357 
-2.0 1.0 5.392989340778961 
-2.0 2.0 16.725695954440784 
-2.0 3.0 29.755109277449773 
-2.0 4.0 44.481229309805926 
-1.0 -4.0 -12.88750653934098 
-1.0 -3.0 -14.055745961127176 
-1.0 -2.0 -13.302924388910487 
-1.0 -1.0 -10.629041822690914 
-1.0 0.0 -6.034098262468456 
-1.0 1.0 0.48190629175688926 
-1.0 2.0 8.918971839985119 
-1.0 3.0 19.27709838221623 
-1.0 4.0 31.55628591845023 
0.0 -4.0 4.973998442500704 
0.0 -3.0 -1.1153019732883784 
0.0 -2.0 -5.2046023890774595 
0.0 -1.0 -7.293902804866539 
0.0 0.0 -7.3832032206556235 
0.0 1.0 -5.472503636444706 
0.0 2.0 -1.5618040522337893 
0.0 3.0 4.348895531977131 
0.0 4.0 12.259595116188049 
1.0 -4.0 24.125052370368355 
1.0 -3.0 13.351507978567732 
1.0 -2.0 4.499024580769994 
1.0 -1.0 -2.432397823024859 
1.0 0.0 -7.442759232816826 
1.0 1.0 -10.532059648605909 
1.0 2.0 -11.700299070392102 
1.0 3.0 -10.947477498175415 
1.0 4.0 -8.273594931955845 
2.0 -4.0 40.12842048449008 
2.0 -3.0 26.01052645794442 
2.0 -2.0 13.589339140745924 
2.0 -1.0 2.8648585328945995 
2.0 0.0 -6.162915365609561 
2.0 1.0 -13.493982554766557 
2.0 2.0 -19.12834303457639 
2.0 3.0 -23.065996805039052 
2.0 4.0 -25.306943866154548 
3.0 -4.0 48.98789025290872 
3.0 -3.0 33.637370046829574 
3.0 -2.0 19.6492075952271 
3.0 -1.0 7.023402898101304 
3.0 0.0 -4.24004404454782 
3.0 1.0 -14.14113323272027 
3.0 2.0 -22.679864666416044 
3.0 3.0 -29.85623834563515 
3.0 4.0 -35.670254270377576 
4.0 -4.0 48.43934340735363 
4.0 -3.0 34.18583749802937 
4.0 -2.0 20.903132066403828 
4.0 -1.0 8.59122711247699 
4.0 0.0 -2.7498773637511356 
4.0 1.0 -13.120181362280553 
4.0 2.0 -22.519684883111253 
4.0 3.0 -30.94838792624325 
4.0 4.0 -38.40629049167653 
