-4.0 -4.0 -0.08843473455293704 
-4.0 -3.0 0.040141825506509576 
-4.0 -2.0 0.10003327277713758 
-4.0 -1.0 -0.00886343084493646 
-4.0 0.0 -0.1144865304394056 
-4.0 1.0 -0.08329660157867735 
-4.0 2.0 0.036511047636842875 
-4.0 3.0 0.10017501363989822 
-4.0 4.0 -0.04826412818970027 
-3.0 -4.0 -0.2621870492218079 
-3.0 -3.0 -0.08920328465518068 
-3.0 -2.0 0.03038077749176349 
-3.0 -1.0 -0.025104002635536027 
-3.0 0.0 -0.06910008650945443 
-3.0 1.0 -0.02118235150102521 
-3.0 2.0 0.0021579573137273655 
-3.0 3.0 -0.0386761416698036 
-3.0 4.0 0.11134563296739941 
-2.0 -4.0 -0.2281550150984728 
-2.0 -3.0 -0.09852741797490161 
-2.0 -2.0 0.05453626026580238 
-2.0 -1.0 -2.10076338050591E-4 
-2.0 0.0 -0.0553062065109593 
-2.0 1.0 0.01144713798837671 
-2.0 2.0 0.04795277605369819 
-2.0 3.0 -0.05365070814688977 
-2.0 4.0 0.03311781725672347 
-1.0 -4.0 -0.20110994241387026 
-1.0 -3.0 -0.21598819822302318 
-1.0 -2.0 -0.017377898251555557 
-1.0 -1.0 -0.033469856249368046 
-1.0 0.0 -0.08019124253511123 
-1.0 1.0 0.06262118783377701 
-1.0 2.0 0.24441326262006058 
-1.0 3.0 0.1337678666160116 
-1.0 4.0 -0.24070181921170075 
0.0 -4.0 -0.014553056935874054 
0.0 -3.0 -0.35356069297949855 
0.0 -2.0 -0.17730007091549016 
0.0 -1.0 -0.15226831689818177 
0.0 0.0 -0.2605654794746606 
0.0 1.0 -0.20607767243252972 
0.0 2.0 0.009116780156254833 
0.0 3.0 0.018425960955870124 
0.0 4.0 -0.39087341333188164 
1.0 -4.0 0.047912731905213946 
1.0 -3.0 -0.33918799091568275 
1.0 -2.0 -0.0035620847449955306 
1.0 -1.0 0.26268162654799987 
1.0 0.0 0.16484876646229019 
1.0 1.0 -0.06272547074534618 
1.0 2.0 -0.1481998131596356 
1.0 3.0 -0.15530171419097982 
1.0 4.0 -0.21515379163655268 
2.0 -4.0 -0.07404134941618423 
2.0 -3.0 -0.2033362816030433 
2.0 -2.0 0.020299790143489815 
2.0 -1.0 0.14691043700038975 
2.0 0.0 0.03862093987211157 
2.0 1.0 -0.13381202525750657 
2.0 2.0 -0.21993977765360495 
2.0 3.0 -0.2879842654206647 
2.0 4.0 -0.36296658703708357 
3.0 -4.0 0.152152726014684 
3.0 -3.0 0.09526131711373864 
3.0 -2.0 0.06667463348928848 
3.0 -1.0 -0.007885162295671932 
3.0 0.0 -0.08270962680870042 
3.0 1.0 -0.06424249225639345 
3.0 2.0 0.004440597442371796 
3.0 3.0 -0.04816842938697796 
3.0 4.0 -0.22617320742929792 
4.0 -4.0 -0.23047587331939212 
4.0 -3.0 0.03857976778783723 
4.0 -2.0 0.0764092999038013 
4.0 -1.0 -0.02827939563472981 
4.0 0.0 -0.12498507673975379 
4.0 1.0 -0.08992401877970446 
4.0 2.0 -0.004409278281067408 
4.0 3.0 -0.09978842940537191 
4.0 4.0 -0.4296891610286302 
