-4.0 -4.0 0.0015038560615927565 
-4.0 -3.0 9.249444747378988E-4 
-4.0 -2.0 -0.013685389675859305 
-4.0 -1.0 0.016826941307916954 
-4.0 0.0 0.04213823064250555 
-4.0 1.0 0.06524726856660834 
-4.0 2.0 0.07429668154633617 
-4.0 3.0 0.040686704635966464 
-4.0 4.0 0.09152283197646227 
-3.0 -4.0 -0.021894616303494985 
-3.0 -3.0 -0.01671257813976723 
-3.0 -2.0 0.01949265947774048 
-3.0 -1.0 0.007789423880201429 
-3.0 0.0 -0.004525648551879868 
-3.0 1.0 0.045394784054469284 
-3.0 2.0 0.09956906353745154 
-3.0 3.0 0.05531805369182763 
-3.0 4.0 0.06019999528099618 
-2.0 -4.0 -0.031290574971574614 
-2.0 -3.0 -0.0032180037990094945 
-2.0 -2.0 0.08220047021037402 
-2.0 -1.0 0.06363173431156799 
-2.0 0.0 0.015550591513198597 
-2.0 1.0 0.03894631352139655 
-2.0 2.0 0.07775080952357172 
-2.0 3.0 0.029820010434079336 
-2.0 4.0 0.09581058885787286 
-1.0 -4.0 0.08833606631034918 
-1.0 -3.0 -0.04137617574210317 
-1.0 -2.0 -0.026922970142528424 
-1.0 -1.0 -0.05089561233814521 
-1.0 0.0 -0.04604073271435283 
-1.0 1.0 0.04548059955853745 
-1.0 2.0 0.10628602475719973 
-1.0 3.0 0.024074294394388573 
-1.0 4.0 0.07510965649746026 
0.0 -4.0 0.07817975117286746 
0.0 -3.0 0.019070002342501446 
0.0 -2.0 0.06797250529743204 
0.0 -1.0 0.033530069562539566 
0.0 0.0 0.009832910460403355 
0.0 1.0 0.06287961234238715 
0.0 2.0 0.07321683324973449 
0.0 3.0 -0.0394934819521211 
0.0 4.0 0.061015259526989496 
1.0 -4.0 0.11684498792530107 
1.0 -3.0 0.05510429432347763 
1.0 -2.0 0.0889347899932531 
1.0 -1.0 0.012723745852250445 
1.0 0.0 -0.0567093868055597 
1.0 1.0 -0.021745122784198045 
1.0 2.0 0.015752566324424677 
1.0 3.0 -0.042437699667434714 
1.0 4.0 0.06737068177856642 
2.0 -4.0 0.1572149036299848 
2.0 -3.0 0.03704740260189254 
2.0 -2.0 0.07481114551886137 
2.0 -1.0 0.0332424242080922 
2.0 0.0 -0.018082565086306346 
2.0 1.0 0.013738283531854467 
2.0 2.0 0.05686731658488778 
2.0 3.0 -0.0047484094435626956 
2.0 4.0 -0.02943461601860961 
3.0 -4.0 0.10481511788778164 
3.0 -3.0 0.04761967568890668 
3.0 -2.0 0.08918681065816259 
3.0 -1.0 0.05532998097515751 
3.0 0.0 -0.008280811787236608 
3.0 1.0 -0.01940338282230436 
3.0 2.0 0.0025566565912162886 
3.0 3.0 -0.01345363585281234 
3.0 4.0 0.00744468683425481 
4.0 -4.0 0.07397644527867442 
4.0 -3.0 0.044330865223450644 
4.0 -2.0 0.042549692562314334 
4.0 -1.0 0.01425892736379808 
4.0 0.0 -0.007578931829456792 
4.0 1.0 0.01093245220682404 
4.0 2.0 0.03950258567610909 
4.0 3.0 0.015169514218413838 
4.0 4.0 -0.031796752295706554 
9886326 
4.0 4.0 -0.007502434958306381 
