0 356.399115947822
1 322.17173645580124
2 267.1859100755408
3 200.54354616869227
4 149.52739457013618
5 115.98340242311284
6 94.34958638037251
7 79.68506339635803
8 69.04288137806165
9 60.942228263806086
10 54.58171728761987
11 49.418728165317916
12 45.09561030630821
13 41.38980294998437
14 38.162232708575054
15 35.32197424111338
16 32.805659179156656
17 30.566088783153116
18 28.566031769880755
19 26.774852137324554
20 25.166651402462872
21 23.719204613973865
22 22.413301346269833
23 21.23228609687332
24 20.161693847646028
25 19.188933402596597
26 18.303003143460774
27 17.49424033321336
28 16.754110329600934
29 16.075039307617114
30 15.450287471887139
31 14.873853731778217
32 14.340400356060096
33 13.84518753351497
34 13.384011376079584
35 12.953142702236047
36 12.549266782617773
37 12.16942600009309
38 11.810968488137293
39 11.471506661048915
40 11.148890200723589
41 10.84119809223151
42 10.54675262263448
43 10.264153034819424
44 9.992315907713403
45 9.730494600547054
46 9.478241400601235
47 9.235293044056913
48 9.001411328230196
49 8.776257288064128
50 8.559356660425337
51 8.350138960825197
52 8.147994825676689
53 7.952321152222538
54 7.762551763305838
55 7.578177253723836
56 7.398756430468719
57 7.223921432483029
58 7.053378451527997
59 6.886905446467127
60 6.72434761485964
61 6.5656108722906135
62 6.410653297675012
63 6.259474479049196
64 6.1121029196063486
65 5.968582042735922
66 5.828955728033238
67 5.693254609464834
68 5.561484572855621
69 5.433619121426297
70 5.309597663360677
71 5.189332244618
72 5.072725332119899
73 4.959700024656066
74 4.850240424054503
75 4.744433296326969
76 4.642493997838768
77 4.544754948197378
78 4.451602107868934
79 4.363369375460276
80 4.280232358480636
81 4.202153212288167
82 4.12889850279274
83 4.0601060029630744
84 3.9953575211094696
85 3.934231234629357
86 3.8763304886497703
87 3.8212965390012035
88 3.7688124555687144
89 3.718602458742554
90 3.670428924185517
91 3.6240882975276314
92 3.579406667895884
93 3.5362354515822942
94 3.4944474342960725
95 3.453933283707677
96 3.4145985578518174
97 3.376361185971218
98 3.339149373896467
99 3.3028998773620852
100 3.2675565861873705
