0 382.7630054251821
1 382.76025488448226
2 382.7638789878431
3 382.7284302599976
4 382.7158434005767
5 381.969302818781
6 381.68125947242794
7 381.61577494663584
8 381.47634546221093
9 381.09957840189156
10 381.0777415551052
11 381.0654122764949
12 381.0688111288816
13 381.0431677774619
14 380.8827145535871
15 380.8681788560578
16 380.52634502409893
17 380.5291985725557
18 380.51688665943425
19 380.4833097703375
20 380.48615671231073
21 380.44790627788
22 380.34008578581467
23 380.11883305399164
24 380.06557157861477
25 379.35230772142836
26 379.3011627470764
27 379.26822652429246
28 379.06002233725116
29 379.04697375679996
30 378.91060366892253
31 378.0325073029495
32 376.8817607122986
33 376.8858002418491
34 376.88851982829385
35 376.82855502040076
36 376.7200387956448
37 376.2422873538671
38 376.2190357897723
39 376.06650821036465
40 374.5682090284401
41 373.0169340292852
42 372.947865670031
43 372.9350077999157
44 371.7746162787689
45 371.7471257291608
46 371.71465919992323
47 371.0855420371431
48 370.94437767766067
49 370.8004647847113
50 369.9449536596349
51 369.2580397660285
52 369.2712774048949
53 369.25987595521883
54 369.2600267939711
55 369.25996609622626
56 367.83002631764555
57 367.4332329917932
58 367.4306877678273
59 367.4316799121684
60 367.4281981436664
61 367.15580438258297
62 367.12400781246726
63 367.10696397548986
64 367.0917992991485
65 366.981437034267
66 366.96175598300414
67 366.9627509318743
68 366.9627748749775
69 366.8938851882518
70 365.9771397106373
71 365.9795960997204
72 365.5318634145826
73 364.0714445744763
74 363.8004262228613
75 363.80128247903804
76 363.6309966213466
77 361.3762020277496
78 360.9322923954299
79 360.9250235510762
80 360.92574594501036
81 360.92567994290914
82 360.3061938272788
83 360.29128605828527
84 360.2824188906982
85 358.0146641388551
86 357.9825953617629
87 357.6143446439477
88 357.61250553357274
89 357.6013523658419
90 357.2994548915107
91 357.12462068163006
92 356.972935437685
93 356.9754939595332
94 356.944616652645
95 356.5510022160977
96 356.15913732124204
97 355.37501157274335
98 354.2062485077433
99 354.18991964492386
100 353.9180697466865
