0 390.9470720574643
81 360.2892143976841
162 334.5338281583439
243 279.0977723292222
324 213.35561116114803
405 177.97194499859094
486 140.56225399109755
567 118.25256820492538
648 93.18884154108189
729 78.61508825590987
810 67.45413665150357
891 59.712475720602306
972 54.99861361079973
1053 50.73144773047998
1134 47.19801433811886
1215 42.69294475952985
1296 40.220889714093985
1377 37.97178450381795
1458 34.813116862129036
1539 32.79635837644557
1620 30.62131700994737
1701 28.44608909383578
1782 27.1202097444318
1863 25.969804609748476
1944 23.995590213852758
2025 22.337260062189447
2106 21.61023424026589
2187 20.39594458523543
2268 19.600843427525856
2349 18.795558715209015
2430 17.938193542464788
2511 17.21485578033881
2592 16.78349365171549
2673 15.753194015188823
2754 15.206761510235053
2835 14.73923104763387
2916 14.154172960423946
2997 13.645270854572587
3078 13.343762535808807
3159 12.792286994862
3240 12.276501208689401
3321 11.470128735004877
3402 11.245911439721077
3483 10.813701050538702
3564 10.413912824777992
3645 10.30775827429218
3726 9.854618501191482
3807 9.318069960117008
3888 9.320824598716923
3969 8.99864567312967
4050 8.633068032434558
4131 8.381963715810102
4212 8.276085370161619
4293 8.024828265347233
4374 7.81069087666606
4455 7.557761314444041
4536 7.340285045224732
4617 7.191972396268567
4698 6.90890169345
4779 6.8902825086212145
4860 6.72899918605664
4941 6.622326036914504
5022 6.341115042586041
5103 6.244219569216916
5184 6.04469140648744
5265 5.935785561003349
5346 5.8034235341711
5427 5.687436923615287
5508 5.618567947537427
5589 5.558786652220324
5670 5.395847983451373
5751 5.344575375361058
5832 5.166614564534474
5913 5.1181061955220954
5994 4.953294711007317
6075 4.894646720950974
6156 4.716388668328542
6237 4.672318479274828
6318 4.554040530949767
6399 4.431786641056772
6480 4.37489520707211
6561 4.317476458886899
6642 4.277348417013746
6723 4.23715200596546
6804 4.154821675321197
6885 4.070222467390811
6966 3.9922630992455574
7047 3.956813409639547
7128 3.906825985193805
7209 3.835299815618417
7290 3.8042577062153473
7371 3.7976064823689852
7452 3.7250232399749565
7533 3.657841032428473
7614 3.639332658217849
7695 3.5876705427160194
7776 3.5472393059209737
7857 3.5104720536190364
7938 3.464338710249875
8019 3.418314987464704
8100 3.3898021537114116
